1 0.49707
2 0.347168
3 0.278564
4 0.239746
5 0.215088
6 0.203125
7 0.196777
8 0.20459
9 0.192139
10 0.193848
11 0.191895
12 0.187988
13 0.195068
14 0.208008
15 0.19873
16 0.175537
17 0.175537
18 0.171875
19 0.17749
20 0.167236
21 0.165283
22 0.155029
23 0.177002
24 0.184326
25 0.181885
26 0.180664
27 0.179688
28 0.19043
29 0.185303
30 0.188232
31 0.184082
32 0.19458
33 0.183838
34 0.194092
35 0.186523
36 0.184814
37 0.178711
38 0.175049
39 0.192627
40 0.188965
41 0.187988
42 0.193115
43 0.181885
44 0.175537
45 0.175537
46 0.187988
47 0.171631
48 0.170654
49 0.179932
50 0.186523
51 0.201172
52 0.186279
53 0.191895
54 0.186279
55 0.189209
