1 0.501221
2 0.358398
3 0.301025
4 0.271484
5 0.257813
6 0.241943
7 0.244629
8 0.257568
9 0.245117
10 0.255371
11 0.252441
12 0.248779
13 0.249512
14 0.251465
15 0.258301
16 0.260742
17 0.250244
18 0.259521
19 0.276123
20 0.266846
21 0.251953
22 0.258057
23 0.253906
24 0.251221
25 0.253662
26 0.254639
27 0.250732
28 0.246094
29 0.247803
30 0.25293
31 0.258301
32 0.254883
33 0.263916
34 0.252441
35 0.242676
36 0.246094
37 0.249512
38 0.251221
39 0.255127
40 0.255371
41 0.253418
42 0.261963
43 0.250732
44 0.254883
45 0.26001
46 0.257324
47 0.258789
48 0.250977
49 0.248535
50 0.254395
51 0.247803
52 0.260498
53 0.27124
