0.000244141 1
1.01953 0.585693
2.03516 0.496094
3.19922 0.418945
4.07275 0.392334
5.16895 0.338867
6.04102 0.309082
7.10571 0.236084
8.45825 0.19751
9.17065 0.172119
10.7346 0.172119
11.4963 0.140137
12.2961 0.138672
13.1094 0.137695
14.7664 0.0942383
15.6255 0.0942383
16.5081 0.072998
17.4121 0.0722656
18.3298 0.0551758
19.2583 0.0551758
20.1785 0.0551758
21.0835 0.0551758
22.9119 0.0651855
23.812 0.0651855
24.7148 0.0651855
25.6267 0.0612793
26.5576 0.0490723
27.4802 0.0627441
28.3923 0.065918
29.3171 0.0561523
30.228 0.0561523
31.1458 0.0610352
32.0452 0.0610352
33.8623 0.0600586
34.7639 0.0600586
35.6743 0.0600586
36.5847 0.0600586
37.48 0.0600586
38.3862 0.065918
39.2976 0.0678711
40.2139 0.0625
41.1218 0.0708008
42.0271 0.0708008
43.8223 0.0708008
44.7139 0.0637207
45.6206 0.0637207
46.5229 0.0622559
47.4338 0.0656738
48.3418 0.0710449
49.2468 0.0710449
50.1646 0.0710449
51.0603 0.0710449
52.8589 0.0715332
53.7527 0.0715332
54.6399 0.0715332
55.5508 0.0715332
56.4504 0.0715332
57.3428 0.0715332
58.24 0.0671387
59.144 0.0671387
60.0581 0.0671387
61.8774 0.0681152
62.7927 0.0681152
63.6936 0.0646973
64.6096 0.0646973
65.5024 0.076416
66.3979 0.0683594
67.2925 0.0686035
68.1965 0.0686035
69.105 0.0686035
70.0125 0.0686035
71.8188 0.0656738
72.729 0.0656738
73.646 0.0588379
74.5674 0.0605469
75.4905 0.0605469
76.4109 0.0605469
77.3149 0.0605469
78.2397 0.0605469
79.1636 0.0568848
80.084 0.0637207
81.915 0.0571289
82.8398 0.0571289
83.7607 0.0617676
84.6746 0.0634766
85.5898 0.0634766
86.502 0.0634766
87.4177 0.0634766
88.3396 0.0634766
89.2544 0.0620117
90.168 0.0629883
91.0781 0.0666504
92.8818 0.074707
93.7888 0.074707
94.6838 0.0693359
95.5833 0.0693359
96.49 0.0693359
97.3857 0.0693359
98.2871 0.0693359
99.1924 0.0605469
100.109 0.0605469
101.013 0.0605469
102.81 0.0739746
103.714 0.0739746
104.608 0.0693359
105.516 0.0693359
106.409 0.0693359
107.315 0.0693359
108.222 0.0615234
109.134 0.0681152
110.039 0.0668945
111.856 0.0661621
112.761 0.0661621
113.67 0.0661621
114.563 0.0661621
115.473 0.0661621
116.396 0.0661621
117.294 0.0754395
118.187 0.0710449
119.078 0.0678711
120.868 0.0661621
121.774 0.0639648
122.685 0.0639648
123.601 0.0656738
124.523 0.0656738
125.441 0.0622559
126.358 0.0625
127.278 0.0625
128.18 0.0795898
129.077 0.060791
130.005 0.0585938
131.817 0.0668945
132.716 0.0683594
133.6 0.0708008
134.479 0.0708008
135.371 0.0595703
136.285 0.0595703
137.185 0.0595703
138.095 0.0686035
139.01 0.0686035
140.831 0.0581055
141.75 0.0581055
142.665 0.0581055
143.583 0.0651855
144.505 0.0505371
145.425 0.0505371
146.346 0.0512695
147.273 0.0605469
148.197 0.0605469
149.118 0.060791
150.031 0.060791
151.869 0.0603027
152.773 0.0766602
153.669 0.0686035
154.583 0.0559082
155.503 0.0559082
156.434 0.0559082
157.363 0.0546875
158.281 0.0627441
159.193 0.0627441
160.111 0.0544434
161.041 0.052002
162.896 0.0600586
163.818 0.052002
164.74 0.0668945
165.653 0.0668945
166.576 0.0527344
167.507 0.0532227
168.433 0.0532227
169.36 0.0603027
170.28 0.0651855
171.194 0.0666504
172.106 0.0666504
173.02 0.0661621
174.849 0.0661621
175.763 0.0661621
176.675 0.0661621
177.585 0.0700684
178.498 0.0617676
179.409 0.0708008
180.314 0.0673828
181.218 0.0673828
182.117 0.0732422
183.02 0.0732422
184.85 0.0610352
185.766 0.0673828
186.686 0.0673828
187.598 0.0688477
188.508 0.0688477
189.432 0.0688477
190.349 0.0688477
191.262 0.0671387
192.17 0.0671387
193.086 0.0632324
194.919 0.0632324
195.823 0.0771484
196.716 0.0771484
197.614 0.0620117
198.535 0.0620117
199.438 0.0620117
