1.00122 0.600586
2.00122 0.469727
3.00049 0.406494
4.00171 0.345947
5.00269 0.319824
6.00757 0.304688
7.00073 0.296143
8.00903 0.277344
9.00659 0.267822
10.0005 0.266602
11.0168 0.266846
12.0122 0.265381
13.0024 0.270752
14.0049 0.259033
15.0078 0.263184
16.0259 0.257324
17.0066 0.265137
18.0171 0.254883
19.002 0.259277
20.0139 0.250244
21.0107 0.250977
22.0049 0.256104
23.0024 0.245117
24.0049 0.234375
25.0012 0.226318
26.0054 0.238281
27.0012 0.257813
28.0007 0.265381
29.0022 0.263184
30.0005 0.244873
31.0437 0.25293
32.0002 0.264648
33.001 0.25708
34.0002 0.259521
35.0095 0.259521
36.0073 0.26416
37.0149 0.255371
38.0002 0.243408
39.0015 0.251709
40.0342 0.251465
41.0286 0.248779
42.011 0.237793
43.001 0.244385
44.0073 0.244385
45.0205 0.247314
