1.00586 0.631836
2.00098 0.530762
3.03906 0.452393
4.02246 0.398193
5.09229 0.371582
6.01855 0.353271
7.00317 0.325684
8.0144 0.303223
9.104 0.290771
10.0168 0.283936
11.0115 0.273682
12.0037 0.254395
13.002 0.248779
14.0371 0.225586
15.0405 0.227051
16.0037 0.224854
17.0027 0.210449
18.0459 0.204346
19.2678 0.19043
20.0046 0.188232
21.2493 0.189697
22.011 0.199707
23.123 0.194336
24.0435 0.19043
25.147 0.183105
26.0391 0.185791
27.1484 0.182129
28.0305 0.181641
29.0605 0.181396
30.0444 0.19043
31.1526 0.18457
32.0293 0.176025
33.1636 0.186523
34.053 0.186768
35.0759 0.18457
36.0083 0.175293
37.0112 0.173096
38.0005 0.179443
39.1541 0.179932
40.0842 0.189941
41.0598 0.20166
42.054 0.195068
43.0339 0.186279
44.0168 0.183594
45.0881 0.188232
46.05 0.177002
47.0398 0.189453
48.1633 0.183594
49.0229 0.191895
50.0537 0.186523
51.0203 0.192871
52.0537 0.203613
53.019 0.210938
54.1643 0.197266
55.1333 0.185791
56.0022 0.187012
