1.00024 0.587158
2.00122 0.450195
3.00098 0.390869
4.00342 0.354492
5.0022 0.338623
6.0022 0.313965
7.00049 0.310791
8.00098 0.317139
9.00146 0.299805
10.0012 0.299805
11.001 0.305176
12.0034 0.307861
13.009 0.310791
14.0029 0.314697
15.0032 0.303955
16.0029 0.31665
17.0034 0.316895
18.0002 0.308838
19.0168 0.307373
20.0012 0.324219
21.0005 0.311768
22.0007 0.309814
23.0005 0.300049
24.0007 0.302246
25.0024 0.299805
26.0039 0.296631
27.0027 0.301514
28.0042 0.303467
29.0029 0.308105
30.0022 0.304688
31.001 0.311523
32.0049 0.300293
33.0022 0.304688
34.0005 0.304443
35.0076 0.302246
36.0095 0.296875
37.0032 0.301025
38.0054 0.30249
