1 0.501221
2 0.333496
3 0.251221
4 0.194092
5 0.156738
6 0.135986
7 0.104248
8 0.083252
9 0.0720215
10 0.0727539
11 0.0651855
12 0.0649414
13 0.0751953
14 0.0690918
15 0.0668945
16 0.0578613
17 0.0488281
18 0.0480957
19 0.0610352
20 0.059082
21 0.0703125
22 0.072998
23 0.0751953
24 0.0751953
25 0.0766602
26 0.0695801
27 0.0771484
28 0.0727539
29 0.078125
30 0.0754395
31 0.0734863
32 0.0734863
33 0.0646973
34 0.0593262
35 0.0529785
36 0.0637207
37 0.0693359
38 0.0717773
39 0.0688477
40 0.0749512
41 0.081543
42 0.0783691
43 0.0693359
44 0.0610352
45 0.060791
46 0.0681152
47 0.0666504
48 0.0625
49 0.0615234
50 0.0549316
51 0.0576172
52 0.0576172
53 0.0517578
54 0.0549316
55 0.0603027
56 0.0620117
57 0.0690918
58 0.0725098
59 0.0795898
60 0.067627
61 0.0622559
62 0.0708008
63 0.0710449
64 0.0771484
65 0.0734863
66 0.0661621
67 0.0583496
68 0.0627441
69 0.0622559
70 0.072998
71 0.060791
72 0.0620117
73 0.0595703
74 0.0576172
75 0.0549316
76 0.0571289
77 0.0563965
78 0.059082
79 0.0612793
80 0.072998
81 0.0695801
82 0.0646973
83 0.0639648
84 0.0749512
85 0.0644531
86 0.0720215
87 0.0690918
88 0.0627441
89 0.0627441
90 0.0625
91 0.0603027
92 0.0549316
93 0.0495605
94 0.0571289
95 0.0617676
96 0.0651855
97 0.0678711
98 0.0632324
99 0.0622559
100 0.0598145
101 0.0610352
102 0.060791
103 0.0649414
104 0.0615234
105 0.0549316
106 0.0571289
107 0.0585938
108 0.0688477
109 0.0744629
110 0.072998
111 0.0678711
112 0.0629883
113 0.0678711
114 0.0703125
115 0.0671387
116 0.0627441
117 0.0634766
118 0.0627441
119 0.0664063
120 0.0644531
121 0.060791
122 0.0639648
123 0.0522461
124 0.0473633
125 0.0559082
126 0.057373
127 0.0561523
128 0.0576172
129 0.065918
130 0.0625
131 0.0588379
132 0.0583496
133 0.0668945
134 0.0695801
135 0.0668945
136 0.0639648
137 0.0693359
138 0.0715332
139 0.0786133
140 0.0644531
141 0.0734863
142 0.0668945
143 0.0727539
144 0.0610352
145 0.057373
146 0.0605469
147 0.0612793
148 0.0668945
149 0.0700684
150 0.0622559
151 0.0583496
152 0.0598145
153 0.0571289
154 0.0637207
155 0.0610352
156 0.060791
157 0.0571289
158 0.0510254
159 0.0563965
160 0.0617676
161 0.0571289
162 0.0522461
163 0.0524902
164 0.060791
165 0.0585938
166 0.0612793
167 0.0568848
168 0.0605469
169 0.0666504
170 0.0649414
171 0.0639648
172 0.064209
173 0.0686035
174 0.0617676
175 0.0646973
176 0.060791
177 0.060791
178 0.0529785
179 0.0517578
180 0.0598145
181 0.0671387
182 0.0651855
183 0.0632324
184 0.0644531
185 0.0681152
186 0.0603027
187 0.0571289
188 0.0654297
189 0.0625
190 0.0693359
191 0.0561523
192 0.0578613
193 0.0561523
194 0.0532227
195 0.0551758
196 0.0527344
197 0.0566406
198 0.0556641
199 0.0578613
200 0.0654297
201 0.0554199
202 0.0546875
203 0.0581055
204 0.0617676
205 0.0668945
206 0.0693359
207 0.0749512
208 0.0808105
209 0.0773926
210 0.0622559
211 0.0632324
212 0.0690918
213 0.0751953
214 0.0708008
215 0.0651855
216 0.0627441
217 0.067627
218 0.0556641
219 0.0568848
220 0.0634766
221 0.0681152
222 0.067627
223 0.0529785
224 0.0473633
225 0.0424805
226 0.0466309
227 0.0493164
228 0.0480957
229 0.0529785
230 0.0524902
231 0.0600586
232 0.0690918
233 0.0632324
234 0.0561523
235 0.0620117
236 0.0625
237 0.0595703
238 0.0651855
239 0.0700684
240 0.0783691
241 0.0812988
242 0.0800781
243 0.0744629
244 0.0690918
245 0.074707
246 0.0693359
247 0.0693359
248 0.0690918
249 0.0593262
250 0.0546875
251 0.0634766
252 0.067627
253 0.0639648
254 0.0649414
255 0.0673828
256 0.0649414
257 0.0563965
258 0.0598145
259 0.0593262
260 0.065918
261 0.0571289
262 0.0605469
263 0.0646973
264 0.0649414
265 0.0529785
266 0.064209
267 0.0632324
268 0.064209
269 0.0688477
270 0.0610352
271 0.0693359
272 0.0681152
273 0.0661621
274 0.0632324
275 0.0693359
276 0.060791
277 0.0610352
278 0.0585938
279 0.067627
280 0.0568848
281 0.0651855
282 0.0605469
283 0.0617676
284 0.0595703
285 0.0544434
286 0.0546875
287 0.0537109
288 0.0600586
289 0.0600586
290 0.0544434
291 0.0566406
292 0.0561523
293 0.0595703
294 0.060791
295 0.0568848
296 0.0620117
297 0.059082
298 0.0566406
299 0.0654297
300 0.0595703
301 0.0598145
302 0.0698242
303 0.0722656
304 0.0717773
305 0.0664063
306 0.0661621
307 0.0654297
308 0.0788574
309 0.0817871
310 0.0720215
311 0.0715332
312 0.0671387
