1.82397 0
2.73877 0
3.64673 0.106689
4.42017 0.124512
5.45898 0.15332
6.06982 0.160156
7.21704 0.158691
8.00171 0.174072
9.09253 0.177734
10.166 0.185791
11.1765 0.176514
12.0979 0.177002
13.0981 0.179199
14.3289 0.175049
15.0227 0.172119
16.1638 0.175781
17.115 0.184082
18.2463 0.178955
19.0605 0.181641
20.0681 0.186279
21.0554 0.189453
22.0337 0.188232
23.3391 0.187744
24.1301 0.194336
25.0801 0.20166
26.0454 0.206055
27.0247 0.1875
28.0635 0.178223
29.1733 0.172363
30.0198 0.17749
31.0217 0.171143
32.0159 0.175049
33.0234 0.179443
34.1829 0.182129
35.0466 0.182373
36.0515 0.200684
37.0122 0.1875
38.196 0.18042
39.313 0.181396
40.209 0.188232
41.0063 0.194336
42.0337 0.196533
43.1284 0.192383
44.1565 0.19043
45.0303 0.199219
