1 0.0498047
2 0.0759277
3 0.109131
4 0.12085
5 0.148682
6 0.153076
7 0.1604
8 0.168457
9 0.185303
10 0.197021
11 0.205811
12 0.214355
13 0.200195
14 0.194336
15 0.1875
16 0.195557
17 0.194824
18 0.184326
19 0.201904
20 0.19458
21 0.183594
22 0.202148
23 0.19873
24 0.199219
25 0.195801
26 0.201172
27 0.196289
28 0.197266
29 0.200928
30 0.191895
31 0.183838
32 0.182617
33 0.177979
34 0.172607
35 0.174316
36 0.19165
37 0.190918
38 0.189941
39 0.196533
40 0.191162
41 0.190186
42 0.187744
43 0.186035
44 0.188721
45 0.179199
46 0.194336
47 0.179199
48 0.18335
49 0.187256
50 0.205566
51 0.208496
52 0.204102
53 0.198486
54 0.197754
55 0.191895
56 0.195068
57 0.188721
58 0.173096
59 0.178955
60 0.166504
61 0.17334
62 0.168213
