1 0.0322266
2 0.0515137
3 0.0541992
4 0.0649414
5 0.0598145
6 0.0639648
7 0.0568848
8 0.0600586
9 0.0581055
10 0.0541992
11 0.0629883
12 0.0561523
13 0.0534668
14 0.0480957
15 0.0537109
16 0.0649414
17 0.0605469
18 0.0556641
19 0.0615234
20 0.0605469
21 0.0686035
22 0.0649414
23 0.0620117
24 0.0627441
25 0.0583496
26 0.0529785
27 0.0546875
28 0.0603027
29 0.0632324
30 0.0578613
31 0.0625
32 0.0634766
33 0.0495605
34 0.0500488
35 0.0551758
36 0.0517578
37 0.0478516
38 0.0517578
39 0.0585938
40 0.0581055
41 0.0576172
42 0.0605469
43 0.0605469
44 0.0583496
45 0.0605469
46 0.0671387
47 0.0585938
48 0.0673828
49 0.0700684
50 0.0629883
51 0.0668945
52 0.0646973
53 0.0500488
54 0.0517578
55 0.0559082
56 0.0546875
57 0.0620117
58 0.0549316
59 0.0549316
60 0.0546875
61 0.0554199
62 0.0534668
63 0.0610352
64 0.0705566
65 0.067627
66 0.0559082
67 0.0615234
68 0.0722656
69 0.0595703
70 0.0610352
71 0.0588379
72 0.0634766
73 0.0664063
74 0.072998
75 0.0722656
76 0.0749512
77 0.0690918
78 0.0698242
79 0.0627441
80 0.0593262
81 0.0515137
82 0.0473633
83 0.052002
84 0.0563965
85 0.0681152
86 0.0700684
87 0.072998
88 0.067627
89 0.0566406
90 0.0595703
91 0.060791
92 0.0539551
93 0.0681152
94 0.0646973
95 0.0585938
96 0.0671387
97 0.0583496
98 0.0576172
99 0.0546875
100 0.0551758
101 0.0566406
102 0.0549316
103 0.0639648
104 0.0605469
105 0.060791
106 0.0588379
107 0.0627441
108 0.0710449
109 0.0634766
110 0.0671387
111 0.0698242
112 0.0629883
113 0.0495605
114 0.0539551
115 0.0449219
116 0.0432129
117 0.0498047
118 0.0563965
119 0.0559082
120 0.0563965
121 0.050293
122 0.0598145
123 0.0556641
124 0.0629883
125 0.0688477
126 0.0622559
127 0.0620117
128 0.0681152
129 0.057373
130 0.0581055
131 0.0593262
132 0.0581055
133 0.0549316
134 0.0571289
135 0.0678711
136 0.0595703
137 0.0625
138 0.0566406
139 0.0471191
140 0.050293
141 0.0539551
142 0.0634766
143 0.0634766
144 0.0615234
145 0.0695801
146 0.0571289
147 0.0612793
148 0.060791
149 0.0644531
150 0.0541992
151 0.0600586
152 0.0666504
153 0.0610352
154 0.0554199
155 0.0585938
156 0.0617676
157 0.0627441
158 0.0705566
159 0.0634766
160 0.0683594
161 0.0751953
162 0.0717773
163 0.0612793
164 0.060791
165 0.0666504
166 0.0649414
167 0.0646973
168 0.0625
169 0.064209
170 0.0661621
171 0.0610352
172 0.0578613
173 0.0656738
174 0.0612793
175 0.059082
176 0.0605469
177 0.064209
178 0.0688477
179 0.0698242
180 0.0622559
181 0.0629883
182 0.0595703
183 0.0515137
184 0.0588379
185 0.0646973
186 0.0578613
187 0.059082
188 0.0593262
189 0.0605469
190 0.0578613
191 0.0541992
192 0.0546875
193 0.0593262
194 0.0480957
195 0.0498047
196 0.0500488
197 0.0541992
198 0.0632324
199 0.0620117
200 0.0571289
201 0.0551758
202 0.0588379
203 0.0551758
204 0.0585938
205 0.0598145
206 0.0544434
207 0.0539551
208 0.0639648
209 0.0588379
210 0.0649414
211 0.067627
212 0.057373
213 0.0598145
214 0.0554199
215 0.0622559
216 0.0693359
217 0.0632324
218 0.0632324
219 0.0539551
220 0.0617676
221 0.0620117
222 0.0678711
223 0.0742188
224 0.0722656
225 0.0668945
226 0.0649414
227 0.0617676
228 0.0625
229 0.0668945
230 0.0639648
231 0.0620117
232 0.064209
233 0.0649414
234 0.0625
235 0.0625
236 0.0593262
237 0.0593262
238 0.0668945
239 0.0566406
240 0.0600586
241 0.0571289
242 0.0637207
243 0.0639648
244 0.0612793
245 0.0539551
246 0.0583496
247 0.0537109
248 0.0664063
249 0.0629883
250 0.0563965
251 0.0664063
252 0.0683594
253 0.0634766
254 0.0639648
255 0.0725098
256 0.0705566
257 0.064209
258 0.0585938
259 0.059082
260 0.0551758
261 0.0539551
262 0.0593262
263 0.0656738
264 0.065918
265 0.060791
266 0.057373
267 0.0603027
268 0.0664063
269 0.0556641
270 0.0534668
271 0.0598145
272 0.0637207
273 0.0605469
274 0.0593262
275 0.0620117
276 0.0505371
277 0.0544434
278 0.0588379
279 0.0625
280 0.0693359
281 0.0759277
282 0.0734863
283 0.0651855
284 0.0722656
285 0.0756836
286 0.0712891
287 0.065918
288 0.0583496
289 0.0612793
290 0.0620117
291 0.0715332
292 0.0712891
293 0.0800781
294 0.0742188
295 0.0651855
296 0.0661621
297 0.0749512
298 0.0656738
299 0.0588379
300 0.0617676
301 0.0600586
302 0.0617676
303 0.0617676
304 0.064209
305 0.0695801
306 0.0646973
307 0.0578613
308 0.0632324
309 0.0673828
310 0.0725098
311 0.0703125
312 0.072998
