1.06128 0.146973
2.00195 0.191406
3.04175 0.215576
4.00684 0.244873
5.04297 0.235596
6.00708 0.237793
7.00293 0.242188
8.00073 0.246826
9.02515 0.242676
10.0083 0.262451
11.0051 0.26001
12.011 0.257568
13.0051 0.261963
14.0044 0.257813
15.0066 0.250732
16.0298 0.243896
17.0007 0.248535
18.0068 0.249756
19.0049 0.26416
20.0354 0.249756
21.0027 0.251221
22.009 0.264893
23.0046 0.253418
24.0103 0.253418
25.0212 0.248535
26.033 0.251709
27.0112 0.255615
28.0044 0.24707
29.0232 0.253906
30.0024 0.251709
31.0051 0.250732
32.0371 0.238281
33.0166 0.248047
34.0046 0.24292
35.0027 0.243652
36.0022 0.249268
37.0242 0.23291
38.0054 0.240967
39.0066 0.262939
