0.968506 0
1.9314 0
2.90332 0
3.875 0
4.84668 0
5.81348 0.0534668
6.74658 0.052002
7.67578 0.0549316
8.59424 0.0549316
9.51611 0.0571289
10.4409 0.0517578
11.3667 0.0517578
12.2935 0.0517578
13.217 0.0617676
14.1318 0.0627441
15.0474 0.0627441
16.8918 0.052002
17.8206 0.0585938
18.7449 0.0615234
19.6694 0.0568848
20.584 0.0712891
21.4846 0.0712891
22.3857 0.0712891
23.283 0.0710449
24.1843 0.0671387
25.0811 0.0690918
26.875 0.0690918
27.7744 0.0639648
28.6956 0.0495605
29.6238 0.0610352
30.5356 0.0610352
31.4543 0.0610352
32.3831 0.0610352
33.2996 0.0610352
34.2192 0.0620117
35.1394 0.0620117
36.0635 0.0620117
37.9006 0.0681152
38.8062 0.0681152
39.7222 0.0681152
40.6174 0.0712891
41.5229 0.0544434
42.4485 0.0563965
43.354 0.0739746
44.2617 0.0571289
45.1719 0.0571289
46.0889 0.0571289
47.0081 0.0571289
48.8364 0.0668945
49.7407 0.0637207
50.6504 0.0629883
51.5684 0.0583496
52.4919 0.0598145
53.4136 0.0598145
54.324 0.0598145
55.2195 0.0759277
56.1062 0.0759277
57.8904 0.0678711
58.7849 0.0732422
59.6794 0.0703125
60.5686 0.0703125
61.4622 0.0788574
62.3621 0.0788574
63.2568 0.0720215
64.1487 0.0720215
65.05 0.0688477
66.8643 0.0683594
67.7734 0.0683594
68.6804 0.0683594
69.5935 0.0683594
70.501 0.0683594
71.407 0.0683594
72.324 0.0678711
73.2317 0.0668945
74.145 0.0593262
75.0559 0.0715332
76.8892 0.0593262
77.8027 0.0593262
78.7307 0.0495605
79.6594 0.057373
80.5654 0.0690918
81.4529 0.072998
82.3547 0.072998
83.2629 0.0529785
84.1975 0.0529785
85.1208 0.0654297
86.0371 0.0578613
87.8667 0.059082
88.783 0.059082
89.6951 0.059082
90.6108 0.0700684
91.5229 0.0700684
92.4351 0.0700684
93.3376 0.0700684
94.2544 0.0546875
95.1697 0.0546875
96.0867 0.0546875
97.0083 0.0629883
98.8469 0.059082
99.7637 0.0637207
100.674 0.0637207
101.57 0.0710449
102.463 0.0646973
103.374 0.0595703
104.297 0.0595703
105.212 0.0595703
106.137 0.0576172
107.069 0.0576172
108.911 0.0664063
109.821 0.0664063
110.724 0.0664063
111.642 0.0664063
112.554 0.0583496
113.482 0.0583496
114.406 0.0583496
115.331 0.0583496
116.257 0.0583496
117.176 0.0632324
118.096 0.0632324
119.011 0.0632324
120.839 0.0637207
121.743 0.0637207
122.661 0.0637207
123.573 0.0600586
124.483 0.064209
125.386 0.0637207
126.285 0.0637207
127.195 0.0576172
128.117 0.0576172
129.017 0.072998
130.81 0.072998
131.698 0.072998
132.597 0.072998
133.502 0.0556641
134.432 0.0507813
135.356 0.0615234
136.258 0.0615234
137.174 0.0615234
138.088 0.0615234
139.01 0.0615234
140.822 0.0615234
141.729 0.0615234
142.649 0.0571289
143.569 0.0605469
144.471 0.0605469
145.379 0.0605469
146.306 0.0495605
147.233 0.0661621
148.146 0.0661621
149.066 0.0661621
150.909 0.0617676
151.831 0.0551758
152.756 0.0627441
153.682 0.0512695
154.61 0.0512695
155.531 0.0512695
156.462 0.0537109
157.381 0.0686035
158.292 0.0595703
159.209 0.0595703
160.122 0.0666504
161.026 0.0732422
162.834 0.0625
163.745 0.0625
164.655 0.0661621
165.56 0.0661621
166.462 0.0710449
167.373 0.0578613
168.285 0.0578613
169.208 0.0578613
170.133 0.0578613
171.05 0.0639648
172.884 0.0571289
173.803 0.0571289
174.735 0.0544434
175.653 0.0668945
176.566 0.0668945
177.468 0.067627
178.378 0.060791
179.285 0.060791
180.208 0.0478516
181.127 0.0625
182.035 0.0668945
183.854 0.0795898
184.753 0.0795898
185.643 0.072998
186.53 0.072998
187.426 0.0649414
188.338 0.0661621
189.252 0.0549316
190.174 0.0549316
191.095 0.0549316
192.005 0.0549316
193.847 0.0549316
194.776 0.0534668
195.696 0.0534668
196.629 0.0534668
197.559 0.0534668
198.479 0.0698242
199.38 0.0698242
