1.05029 0.189209
2.01221 0.262695
3.01172 0.291016
4.00317 0.281006
5.00098 0.303223
6.00024 0.303223
7.00293 0.302246
8.00024 0.295654
9.00098 0.297119
10.0042 0.289795
11.0002 0.304199
12.0005 0.301758
13.0002 0.297363
14.0034 0.307373
15.0017 0.290771
16.0007 0.293945
17.0002 0.294434
18.0027 0.30127
19.0007 0.296143
20.0034 0.295898
21.0059 0.298584
22.0063 0.292725
23.0078 0.297119
24.0068 0.295654
25.0083 0.293213
26.0002 0.297119
27.0017 0.293945
28.0029 0.302979
29.0017 0.300049
30.0142 0.311279
31.0066 0.308594
32.0012 0.297607
33.0063 0.303711
34.0005 0.297119
