2 13.0863
3 9.373
4 9.14286
5 8.34216
6 7.44727
7 7.32737
8 7.47445
9 7.24956
10 6.67101
11 6.27259
12 6.0413
13 5.76901
14 5.96215
15 5.75281
16 6.2439
17 6.20606
18 6.37014
19 6.0324
20 5.76901
21 5.79349
22 5.84308
23 5.83476
24 5.95349
25 6.45039
26 6.28221
27 5.85143
28 6.59581
29 6.5327
30 5.72067
31 5.49062
32 6.01468
33 6.52229
34 5.83476
35 6.25344
36 5.85143
37 5.9883
38 6.05022
39 5.72067
40 5.49799
41 5.68889
42 5.67313
43 5.64187
44 5.64966
45 5.53514
46 5.71269
47 5.58799
48 5.63411
49 5.70474
50 6.0324
51 5.87661
52 5.70474
53 5.41799
54 5.78531
55 5.91908
56 6.01468
57 6.22492
58 6.02353
59 6.32099
60 6.32099
61 6.11343
