2 2.27935
3 3.16783
4 4.11245
5 4.38544
6 4.95884
7 5.26478
8 5.27156
9 5.74474
10 5.83476
11 5.36126
12 5.58799
13 5.61866
14 5.72867
15 5.48327
16 6.02353
17 6.47077
18 6.60645
19 6.78146
20 6.27259
21 5.91053
22 5.55014
23 5.31258
24 6.87248
25 7.09879
26 6.49128
27 6.36025
28 6.39002
29 6.34056
30 6.05917
31 6.57464
32 6.51192
33 6.12257
34 6.31125
35 6.07715
36 5.9883
37 5.58038
38 5.38947
39 5.58038
40 5.72067
41 5.82646
42 6.00587
43 6.263
44 6.29186
45 6.5536
46 6.19667
47 6.31125
48 6.97785
49 6.91892
50 6.30154
51 6.64935
52 6.19667
53 5.53514
54 5.34726
55 5.58038
56 6.2439
57 6.33076
58 6.11343
59 5.90202
60 5.9883
61 5.58799
