2 1.90512
3 2.41937
4 2.6684
5 2.74163
6 2.794
7 2.76383
8 2.89266
9 2.85038
10 2.79781
11 2.9574
12 2.85038
13 2.83068
14 2.83068
15 2.78829
16 2.7657
17 2.77695
18 2.65457
19 2.64771
20 2.76383
21 2.8764
22 2.8405
23 2.7845
24 2.71979
25 2.8346
26 2.76944
27 2.82483
28 2.80548
29 2.73614
30 2.7845
31 2.80933
32 2.85038
33 2.79973
34 2.72159
35 2.82288
36 2.84642
37 3.04083
38 2.82094
39 2.95314
40 2.8988
41 2.8405
42 2.64429
43 2.72159
44 2.65629
45 2.7845
46 2.85038
47 2.79781
48 2.87036
49 2.82678
50 2.81319
51 2.83853
52 2.80356
53 2.93831
54 2.82873
55 2.91323
56 2.82483
57 2.74531
58 2.72159
59 2.74899
60 2.78072
61 2.76011
