2 2.06869
3 2.90703
4 3.2252
5 3.43624
6 3.54632
7 3.61199
8 3.58983
9 3.62478
10 3.62478
11 3.74064
12 3.62157
13 3.87879
14 3.77164
15 3.7786
16 3.75092
17 4.01963
18 3.63121
19 3.9309
20 3.82446
21 3.86051
22 3.71014
23 3.64089
24 3.67025
25 3.96132
26 3.8678
27 3.77512
28 3.59298
29 3.78908
30 3.62799
31 3.46531
32 3.43049
33 3.63443
34 3.61518
35 3.78209
36 3.72025
37 3.86051
38 3.96132
39 3.88984
40 4.02358
41 3.77512
42 3.56794
43 3.8424
44 3.84601
45 3.94605
46 4.05946
47 3.89724
48 3.9922
49 3.91962
50 4.0315
51 4.05143
52 3.93468
53 3.94986
54 3.94225
55 3.98444
56 3.81023
57 3.76817
58 3.74748
59 3.71688
60 4.1332
61 3.88615
