2 8.03137
3 5.29884
4 4.23578
5 4.00783
6 3.93468
7 3.87879
8 3.84601
9 3.8424
10 3.79259
11 3.45654
12 3.5189
13 3.53103
14 3.54632
15 3.69675
16 3.70344
17 3.94605
18 4.1332
19 4.04344
20 4.15838
21 3.87879
22 3.89724
23 3.79611
24 3.75092
25 4.10421
26 3.91587
27 3.9084
28 3.52193
29 3.83162
30 3.67025
31 3.86415
32 3.88984
33 3.88984
34 3.85687
35 3.61199
36 3.78908
37 3.86415
38 3.74064
39 3.67684
40 3.72364
41 3.66369
42 3.78558
43 3.61837
44 3.67025
45 3.73042
46 3.73382
47 3.73382
48 3.7786
49 3.56484
50 3.90095
51 3.92337
52 4.03945
53 4.1626
54 3.71688
55 3.74064
56 3.85687
57 3.86415
58 3.82804
59 3.67025
60 3.81023
61 3.9309
