2 4.39957
3 3.26895
4 2.86434
5 2.90496
6 2.84642
7 2.82873
8 2.84247
9 2.819
10 2.75639
11 2.68766
12 2.64771
13 2.83068
14 2.82094
15 2.7657
16 2.82678
17 2.70185
18 2.87843
19 2.88451
20 2.81706
21 2.82483
22 2.8405
23 2.72159
24 2.7234
25 2.78072
26 2.66493
27 2.7398
28 2.7959
29 2.794
30 2.86835
31 2.82288
32 2.93831
33 2.89061
34 2.81126
35 2.77883
36 2.76944
37 2.71618
38 2.79209
39 2.87439
40 2.92781
41 2.83853
42 2.8988
43 2.80933
44 2.72885
45 2.69829
46 2.71798
47 2.73797
48 2.66493
49 2.76383
50 2.78829
51 2.819
52 2.7072
53 2.73614
54 2.76944
55 2.80548
56 2.82094
57 2.73614
58 2.68238
59 2.65457
60 2.74899
61 2.78261
